nm	musp[cm-1]
450.0	20.049848076516735
451.0008703220191	19.954695007511166
452.0017406440383	19.860319244083325
453.00261096605743	19.76671201973948
454.0034812880766	19.673864691238066
455.00435161009574	19.581768736542422
456.00522193211486	19.49041575281234
457.00609225413405	19.39979745443383
458.00696257615317	19.30990567108614
459.0078328981723	19.220732345845224
460.0087032201915	19.132269533322997
461.0095735422106	19.044509397841523
462.0104438642298	18.95744421164145
463.0113141862489	18.871066353123958
464.01218450826804	18.785368305125495
465.0130548302872	18.70034265322466
466.01392515230634	18.615982084080528
467.0147954743255	18.532279383801765
468.01566579634465	18.4492274363459
469.0165361183638	18.366819221948145
470.01740644038296	18.28504781557906
471.0182767624021	18.20390638543067
472.0191470844212	18.123388191430198
473.0200174064404	18.043486583780982
474.0208877284595	17.964195001530086
475.0217580504787	17.885506971161853
476.0226283724978	17.807416105217122
477.02349869451695	17.729916100937302
478.0243690165361	17.653000738933088
479.02523933855525	17.57666388187711
480.02610966057443	17.50089947322011
481.02697998259356	17.425701535930177
482.0278503046127	17.351064171254553
483.02872062663187	17.276981557503547
484.029590948651	17.203447948856162
485.0304612706701	17.13045767418696
486.0313315926893	17.058005135913707
487.0322019147084	16.986084808865524
488.0330722367276	16.914691239170896
489.03394255874673	16.843819043165443
490.0348128807659	16.77346290631876
491.03568320278504	16.703617582180204
492.03655352480416	16.63427789134308
493.03742384682334	16.565438720426958
494.03829416884247	16.497095021077726
495.0391644908616	16.429241808985026
496.0400348128808	16.361874162916774
497.0409051348999	16.294987223770395
498.041775456919	16.22857619364043
499.0426457789382	16.162636334902277
500.04351610095733	16.09716296931164
501.0443864229765	16.032151477119474
502.04525674499564	15.967597296202122
503.0461270670148	15.903495921206245
504.04699738903395	15.839842902708403
505.0478677110531	15.776633846388934
506.04873803307225	15.713864412219841
507.0496083550914	15.651530313666484
508.0504786771105	15.589627316902707
509.0513489991297	15.528151240039271
510.0522193211488	15.467097952365298
511.053089643168	15.406463373602342
512.0539599651871	15.346243473171121
513.0548302872063	15.28643426947042
514.0557006092254	15.227031829168066
515.0565709312446	15.168032266503687
516.0574412532637	15.109431742603137
517.0583115752829	15.05122646480419
518.059181897302	14.99341268599351
519.0600522193212	14.935986703954438
520.0609225413402	14.878944860725692
521.0617928633594	14.822283541970478
522.0626631853786	14.765999176356033
523.0635335073978	14.710088234943322
524.0644038294168	14.654547230586678
525.065274151436	14.599372717343277
526.0661444734552	14.544561289892192
527.0670147954743	14.490109582962939
528.0678851174935	14.436014270773173
529.0687554395126	14.38227206647566
530.0696257615318	14.32887972161396
531.0704960835509	14.275834025587097
532.0713664055701	14.22313180512263
533.0722367275891	14.170769923758359
534.0731070496083	14.1187452813322
535.0739773716275	14.067054813480254
536.0748476936467	14.01569549114293
537.0757180156658	13.96466432007882
538.0765883376849	13.913958340386383
539.0774586597041	13.86357462603317
540.0783289817232	13.813510284392512
541.0791993037424	13.763762455787466
542.0800696257616	13.714328313042047
543.0809399477807	13.665205061039416
544.0818102697998	13.616389936287021
545.082680591819	13.567880206488587
546.083550913838	13.519673170122754
547.0844212358572	13.471766156028286
548.0852915578764	13.424156522995736
549.0861618798956	13.376841659365486
550.0870322019147	13.329818982631938
551.0879025239338	13.283085939053915
552.088772845953	13.236640003271011
553.0896431679721	13.19047867792589
554.0905134899913	13.14459949329233
555.0913838120105	13.099000006909083
556.0922541340296	13.053677803219225
557.0931244560487	13.008630493215074
558.0939947780679	12.963855714088524
559.0948651000871	12.919351128886683
560.0957354221061	12.875114426172772
561.0966057441253	12.831143319692083
562.0974760661445	12.787435548043133
563.0983463881636	12.743988874353628
564.0992167101828	12.700801085961409
565.1000870322019	12.657869994100182
566.100957354221	12.615193433589928
567.1018276762402	12.572769262531988
568.1026979982594	12.530595362008675
569.1035683202786	12.488669635787426
570.1044386422976	12.446990010029271
571.1053089643168	12.405554433001718
572.106179286336	12.36436087479584
573.107049608355	12.323407327047612
574.1079199303742	12.28269180266326
575.1087902523934	12.24221233554881
576.1096605744125	12.201966980343473
577.1105308964317	12.161953812157025
578.1114012184509	12.122170926311046
579.1122715404699	12.082616438083896
580.1131418624891	12.043288482459438
581.1140121845083	12.004185213879445
582.1148825065275	11.965304805999592
583.1157528285465	11.926645451448973
584.1166231505657	11.888205361593128
585.1174934725848	11.849982766300505
586.118363794604	11.811975913712265
587.1192341166231	11.77418307001542
588.1201044386423	11.736602519219248
589.1209747606615	11.699232562934899
590.1218450826806	11.662071520158129
591.1227154046998	11.625117727055231
592.1235857267188	11.58836953675193
593.124456048738	11.551825319125326
594.1253263707572	11.515483460598794
595.1261966927764	11.479342363939809
596.1270670147954	11.443400448060585
597.1279373368146	11.407656147821593
598.1288076588337	11.37210791383781
599.1296779808529	11.33675421228772
600.1305483028721	11.301593524725005
601.1314186248912	11.266624347892833
602.1322889469104	11.231845193540812
603.1331592689295	11.197254588244462
604.1340295909487	11.162851073227213
605.1348999129677	11.128633204184888
606.1357702349869	11.094599551112633
607.1366405570061	11.06074869813422
608.1375108790253	11.027079243333768
609.1383812010444	10.993589798589722
610.1392515230635	10.96027898941117
611.1401218450827	10.92714545477643
612.1409921671018	10.89418784697378
613.141862489121	10.861404831444467
614.1427328111401	10.828795086627805
615.1436031331593	10.796357303808408
616.1444734551784	10.764090186965516
617.1453437771976	10.73199245262436
618.1462140992166	10.700062829709566
619.1470844212358	10.668300059400528
620.147954743255	10.63670289498875
621.1488250652742	10.605270101737139
622.1496953872933	10.574000456741153
623.1505657093124	10.542892748791843
624.1514360313316	10.511945778240769
625.1523063533507	10.481158356866663
626.1531766753699	10.450529307743931
627.1540469973891	10.4200574651129
628.1549173194082	10.389741674251802
629.1557876414273	10.359580791350432
630.1566579634465	10.329573683385545
631.1575282854656	10.299719227997853
632.1583986074847	10.270016313370691
633.1592689295039	10.240463838110268
634.1601392515231	10.211060711127502
635.1610095735422	10.181805851521426
636.1618798955614	10.152698188464106
637.1627502175805	10.123736661087099
638.1636205395996	10.094920218369381
639.1644908616188	10.066247819026746
640.165361183638	10.037718431402647
641.1662315056572	10.009331033360484
642.1671018276762	9.981084612177256
643.1679721496954	9.952978164438617
644.1688424717145	9.925010695935322
645.1697127937337	9.89718122156094
646.1705831157528	9.869488765210983
647.171453437772	9.841932359683248
648.1723237597911	9.814511046579524
649.1731940818103	9.787223876208476
650.1740644038294	9.760069907489875
651.1749347258485	9.733048207859971
652.1758050478677	9.706157853178121
653.1766753698869	9.679397927634598
654.1775456919061	9.652767523659577
655.1784160139251	9.626265741833295
656.1792863359443	9.599891690797286
657.1801566579634	9.573644487166867
658.1810269799826	9.547523255444585
659.1818973020017	9.52152712793489
660.1827676240209	9.495655244659783
661.18363794604	9.4699067532756
662.1845082680592	9.444280808990774
663.1853785900784	9.418776574484717
664.1862489120974	9.39339321982763
665.1871192341166	9.368129922401357
666.1879895561358	9.342985866821246
667.188859878155	9.317960244858952
668.189730200174	9.293052255366206
669.1906005221932	9.268261104199528
670.1914708442123	9.24358600414593
671.1923411662315	9.219026174849418
672.1932114882507	9.194580842738546
673.1940818102698	9.170249240954751
674.1949521322889	9.146030609281633
675.1958224543081	9.12192419407507
676.1966927763273	9.097929248194227
677.1975630983463	9.07404503093337
678.1984334203655	9.05027080795454
679.1993037423847	9.026605851221063
680.2001740644039	9.003049438931816
681.201044386423	8.979600855456363
682.2019147084421	8.956259391270812
683.2027850304612	8.93302434289452
684.2036553524804	8.90989501282748
685.2045256744996	8.88687070948857
686.2053959965187	8.863950747154435
687.2062663185378	8.841134445899208
688.207136640557	8.818421131534864
689.2080069625762	8.795810135552367
690.2088772845952	8.773300795063488
691.2097476066144	8.750892452743296
692.2106179286336	8.728584456773396
693.2114882506528	8.706376160785789
694.2123585726719	8.684266923807433
695.213228894691	8.662256110205442
696.2140992167101	8.64034308963296
697.2149695387293	8.61852723697564
698.2158398607485	8.59680793229881
699.2167101827677	8.575184560795202
700.2175805047867	8.553656512733351
701.2184508268059	8.53222318340656
702.2193211488251	8.51088397308248
703.2201914708442	8.489638286953314
704.2210617928633	8.468485535086531
705.2219321148825	8.447425132376244
706.2228024369017	8.426456498495073
707.2236727589208	8.405579057846639
708.22454308094	8.384792239518552
709.225413402959	8.364095477236003
710.2262837249782	8.343488209315831
711.2271540469974	8.322969878621189
712.2280243690166	8.302539932516678
713.2288946910357	8.282197822824026
714.2297650130548	8.261943005778283
715.2306353350739	8.24177494198449
716.2315056570931	8.22169309637489
717.2323759791122	8.201696938166588
718.2332463011314	8.181785940819733
719.2341166231506	8.16195958199613
720.2349869451697	8.142217343518386
721.2358572671889	8.122558711329456
722.2367275892079	8.102983175452717
723.2375979112271	8.083490229952428
724.2384682332463	8.064079372894692
725.2393385552655	8.044750106308836
726.2402088772847	8.025501936149213
727.2410791993037	8.006334372257491
728.2419495213229	7.987246928325277
729.242819843342	7.968239121857264
730.2436901653612	7.9493104741346965
731.2445604873803	7.930460510179335
732.2454308093995	7.911688758717736
733.2463011314186	7.892994752146003
734.2471714534378	7.874378026494899
735.2480417754568	7.855838121395337
736.248912097476	7.837374580044279
737.2497824194952	7.818986949171009
738.2506527415144	7.800674779003766
739.2515230635336	7.782437623236753
740.2523933855526	7.764275038997528
741.2532637075718	7.746186586814711
742.2541340295909	7.728171830586113
743.2550043516101	7.710230337547146
744.2558746736293	7.692361678239629
745.2567449956484	7.674565426480921
746.2576153176675	7.656841159333382
747.2584856396867	7.639188457074177
748.2593559617058	7.621606903165418
749.2602262837249	7.604096084224619
750.2610966057441	7.586655589995464
751.2619669277633	7.569285013318933
752.2628372497825	7.55198395010468
753.2637075718015	7.5347519993027845
754.2645778938207	7.517588762875754
755.2654482158398	7.500493845770866
756.266318537859	7.4834668558928
757.2671888598782	7.466507404076542
758.2680591818973	7.449615104060622
759.2689295039164	7.43278957246059
760.2697998259356	7.416030428742819
761.2706701479547	7.399337295198564
762.2715404699738	7.3827097969182995
763.272410791993	7.366147561766345
764.2732811140122	7.3496502203557466
765.2741514360314	7.333217406023425
766.2750217580505	7.316848754805612
767.2758920800696	7.300543905413496
768.2767624020887	7.2843024992091925
769.2776327241079	7.268124180181914
770.2785030461271	7.252008594924406
771.2793733681463	7.235955392609658
772.2802436901654	7.219964224967816
773.2811140121845	7.20403474626338
774.2819843342036	7.188166613272593
775.2828546562228	7.172359485261128
776.2837249782419	7.156613023961943
777.2845953002611	7.140926893553416
778.2854656222803	7.125300760637693
779.2863359442994	7.109734294219245
780.2872062663185	7.094227165683674
781.2880765883376	7.078779048776721
782.2889469103568	7.063389619583499
783.289817232376	7.04805855650794
784.2906875543952	7.0327855402524575
785.2915578764143	7.017570253797802
786.2924281984334	7.002412382383154
787.2932985204525	6.987311613486395
788.2941688424717	6.972267636804586
789.2950391644908	6.957280144234666
790.29590948651	6.94234882985432
791.2967798085292	6.927473389903072
792.2976501305483	6.912653522763528
793.2985204525675	6.897888928942865
794.2993907745865	6.883179311054463
795.3002610966057	6.8685243737997554
796.3011314186249	6.85392382395023
797.3020017406441	6.839377370329655
798.3028720626633	6.824884723796441
799.3037423846823	6.810445597226228
800.3046127067014	6.796059705494583
801.3054830287206	6.7817267654599505
802.3063533507398	6.767446495946714
803.3072236727589	6.753218617728452
804.3080939947781	6.739042853511364
805.3089643167972	6.72491892791785
806.3098346388164	6.7108465674702655
807.3107049608354	6.696825500574832
808.3115752828546	6.682855457505719
809.3124456048738	6.6689361703892605
810.313315926893	6.655067373188366
811.3141862489122	6.6412488016870395
812.3150565709312	6.627480193475098
813.3159268929503	6.6137612879330065
814.3167972149695	6.600091826216878
815.3176675369887	6.586471551243633
816.3185378590078	6.572900207676275
817.319408181027	6.55937754190934
818.3202785030461	6.545903302054471
819.3211488250653	6.532477237926142
820.3220191470843	6.519099101027523
821.3228894691035	6.505768644536478
822.3237597911227	6.492485623291701
823.3246301131419	6.479249793778995
824.3255004351611	6.466060914117669
825.3263707571801	6.452918744047087
826.3272410791992	6.4398230449133305
827.3281114012184	6.426773579655991
828.3289817232376	6.413770112795113
829.3298520452568	6.40081241041824
830.3307223672759	6.387900240167588
831.331592689295	6.375033371227351
832.3324630113142	6.362211574311126
833.3333333333333	6.349434621649457
834.3342036553524	6.336702286977498
835.3350739773716	6.324014345522803
836.3359442993908	6.3113705739932175
837.33681462141	6.298770750564903
838.337684943429	6.286214654870458
839.3385552654481	6.273702067987168
840.3394255874673	6.261232772425357
841.3402959094865	6.248806552116863
842.3411662315057	6.236423192403598
843.3420365535248	6.224082480026247
844.3429068755439	6.211784203113053
845.3437771975631	6.19952815116871
846.3446475195822	6.187314115063379
847.3455178416013	6.175141887021772
848.3463881636205	6.163011260612384
849.3472584856397	6.150922030736787
850.3481288076589	6.138873993619049
851.348999129678	6.126866946795235
852.349869451697	6.114900689103028
853.3507397737162	6.1029750206714155
854.3516100957354	6.091089742910512
855.3524804177546	6.079244658501439
856.3533507397738	6.067439571386322
857.3542210617928	6.05567428675838
858.355091383812	6.043948611052082
859.3559617058311	6.032262351933438
860.3568320278503	6.020615318290334
861.3577023498694	6.009007320223
862.3585726718886	5.99743816903452
863.3594429939078	5.985907677221479
864.3603133159269	5.9744156584646495
865.3611836379459	5.962961927619795
866.3620539599651	5.951546300708547
867.3629242819843	5.94016859490937
868.3637946040035	5.9288286285486
869.3646649260227	5.917526221091573
870.3655352480417	5.906261193133836
871.3664055700609	5.895033366392426
872.36727589208	5.883842563697249
873.3681462140992	5.872688608982513
874.3690165361184	5.861571327278266
875.3698868581375	5.850490544701979
876.3707571801567	5.83944608845024
877.3716275021758	5.82843778679049
878.372497824195	5.817465469052857
879.373368146214	5.8065289656220616
880.3742384682332	5.7956281079293746
881.3751087902524	5.7847627284446785
882.3759791122716	5.77393266066857
883.3768494342906	5.763137739124563
884.3777197563098	5.752377799351326
885.3785900783289	5.741652677895032
886.3794604003481	5.730962212301732
887.3803307223673	5.7203062411098315
888.3812010443864	5.7096846038426206
889.3820713664056	5.699097141000865
890.3829416884247	5.6885436940554746
891.3838120104439	5.6780241054402225
892.384682332463	5.667538218544549
893.3855526544821	5.657085877706408
894.3864229765013	5.646666928205196
895.3872932985205	5.636281216254722
896.3881636205396	5.625928588996265
897.3890339425587	5.615608894491661
898.3899042645778	5.605321981716494
899.390774586597	5.595067700553294
900.3916449086162	5.584845901784844
901.3925152306354	5.574656437087513
902.3933855526545	5.564499159024659
903.3942558746736	5.5543739210400975
904.3951261966928	5.544280577451602
905.3959965187119	5.534218983444496
906.396866840731	5.524188995065265
907.3977371627502	5.5141904692152615
908.3986074847694	5.5042232636444215
909.3994778067886	5.4942872369450795
910.4003481288077	5.484382248545802
911.4012184508267	5.4745081587052935
912.4020887728459	5.464664828506347
913.4029590948651	5.454852119849857
914.4038294168843	5.44506989544887
915.4046997389034	5.435318018822697
916.4055700609225	5.425596354291067
917.4064403829417	5.415904766968338
918.4073107049608	5.406243122757766
919.40818102698	5.396611288345791
920.4090513489991	5.387009131196419
921.4099216710183	5.377436519545606
922.4107919930375	5.367893322395725
923.4116623150566	5.358379409510053
924.4125326370756	5.348894651407327
925.4134029590948	5.3394389193563345
926.414273281114	5.330012085370545
927.4151436031332	5.3206140222028075
928.4160139251524	5.311244603340066
929.4168842471714	5.301903702998141
930.4177545691906	5.292591196116541
931.4186248912097	5.283306958353331
932.4194952132289	5.274050866080029
933.420365535248	5.264822796376562
934.4212358572672	5.255622627026245
935.4221061792864	5.246450236510822
936.4229765013055	5.237305504005537
937.4238468233245	5.228188309374242
938.4247171453437	5.21909853316456
939.4255874673629	5.210036056603077
940.4264577893821	5.20100076159058
941.4273281114013	5.191992530697325
942.4281984334203	5.183011247158366
943.4290687554395	5.174056794868891
944.4299390774586	5.165129058379628
945.4308093994778	5.156227922892261
946.431679721497	5.147353274254915
947.4325500435161	5.138504998957651
948.4334203655353	5.129682984128002
949.4342906875544	5.120887117526566
950.4351610095734	5.112117287542612
951.4360313315926	5.103373383189737
952.4369016536118	5.09465529410154
953.437771975631	5.0859629105273685
954.4386422976502	5.0772961233280505
955.4395126196692	5.068654823971702
956.4403829416884	5.060038904529547
957.4412532637075	5.051448257671782
958.4421235857267	5.042882776663466
959.4429939077459	5.0343423553604465
960.443864229765	5.02582688820533
961.4447345517842	5.0173362702234625
962.4456048738033	5.008870397018963
963.4464751958225	5.000429164770782
964.4473455178415	4.9920124702287865
965.4482158398607	4.983620210709879
966.4490861618799	4.975252284094163
967.449956483899	4.966908588821113
968.4508268059182	4.958589023885795
969.4516971279373	4.9502934888351104
970.4525674499565	4.942021883764068
971.4534377719756	4.933774109312097
972.4543080939948	4.9255500666593655
973.455178416014	4.9173496575231646
974.456048738033	4.90917278415428
975.4569190600522	4.901019349333428
976.4577893820714	4.892889256367698
977.4586597040905	4.8847824090870375
978.4595300261096	4.876698711840744
979.4604003481288	4.868638069494018
980.4612706701479	4.86060038742451
981.4621409921671	4.852585571518909
982.4630113141862	4.8445935281695665
983.4638816362054	4.836624164271129
984.4647519582245	4.828677387217218
985.4656222802437	4.8207531048971095
986.4664926022629	4.812851225692468
987.4673629242819	4.804971658474087
988.4682332463011	4.79711431259866
989.4691035683203	4.789279097905581
990.4699738903394	4.781465924713766
991.4708442123585	4.7736747038184975
992.4717145343777	4.765905346488299
993.4725848563968	4.758157764461835
994.473455178416	4.750431869944818
995.4743255004352	4.7427275756069704
996.4751958224543	4.735044794578978
997.4760661444734	4.727383440449493
998.4769364664926	4.719743427262138
999.4778067885118	4.712124669512552
1000.4786771105308	4.70452708214545
1001.47954743255	4.696950580551699
1002.4804177545692	4.689395080565439
1003.4812880765883	4.681860498461202
1004.4821583986075	4.674346750951053
1005.4830287206266	4.666853755181789
1006.4838990426458	4.659381428732103
1007.4847693646649	4.651929689609822
1008.4856396866841	4.6444984562491305
1009.4865100087032	4.637087647507837
1010.4873803307223	4.62969718266465
1011.4882506527415	4.622326981416475
1012.4891209747607	4.614976963875737
1013.4899912967797	4.607647050567725
1014.4908616187989	4.600337162427952
1015.4917319408181	4.593047220799524
1016.4926022628372	4.585777147430561
1017.4934725848564	4.578526864471602
1018.4943429068755	4.571296294473051
1019.4952132288947	4.564085360382638
1020.4960835509138	4.556893985542899
1021.496953872933	4.549722093688658
1022.4978241949522	4.542569608944573
1023.4986945169712	4.535436455822641
1024.4995648389904	4.528322559219767
1025.5004351610096	4.5212278444153435
1026.5013054830288	4.514152237068821
1027.502175805048	4.507095663217329
1028.5030461270671	4.5000580492733055
1029.503916449086	4.493039322022133
1030.5047867711053	4.4860394086197966
1031.5056570931245	4.479058236590578
1032.5065274151436	4.472095733824737
1033.5073977371626	4.465151828576236
1034.5082680591818	4.45822644946046
1035.509138381201	4.451319525451969
1036.5100087032201	4.444430985882267
1037.5108790252393	4.437560760437575
1038.5117493472585	4.43070877915663
1039.5126196692777	4.423874972428498
1040.5134899912969	4.417059270990405
1041.514360313316	4.410261605925582
1042.515230635335	4.403481908661127
1043.5161009573542	4.3967201109658705
1044.5169712793734	4.389976144948289
1045.5178416013925	4.383249943054396
1046.5187119234115	4.376541438065677
1047.5195822454307	4.369850563097011
1048.5204525674499	4.363177251594641
1049.521322889469	4.356521437334142
1050.5221932114882	4.349883054418387
1051.5230635335074	4.343262037275566
1052.5239338555266	4.336658320657183
1053.5248041775458	4.330071839636094
1054.525674499565	4.32350252960454
1055.526544821584	4.316950326272207
1056.527415143603	4.310415165664291
1057.5282854656223	4.30389698411959
1058.5291557876415	4.297395718288593
1059.5300261096604	4.290911305131599
1060.5308964316796	4.284443681916831
1061.5317667536988	4.277992786218581
1062.532637075718	4.271558555915367
1063.5335073977371	4.265140929188086
1064.5343777197563	4.258739844518201
1065.5352480417755	4.252355240685929
1066.5361183637947	4.245987056768443
1067.5369886858139	4.2396352321380935
1068.5378590078328	4.233299706460637
1069.538729329852	4.226980419693473
1070.5395996518712	4.220677312083906
1071.5404699738904	4.214390324167408
1072.5413402959093	4.208119396765905
1073.5422106179285	4.201864470986059
1074.5430809399477	4.195625488217574
1075.5439512619669	4.189402390131523
1076.544821583986	4.1831951186786585
1077.5456919060052	4.17700361608777
1078.5465622280244	4.170827824864021
1079.5474325500436	4.164667687787319
1080.5483028720628	4.158523147910688
1081.549173194082	4.152394148558658
1082.550043516101	4.14628063332566
1083.55091383812	4.14018254607443
1084.5517841601393	4.134099830934437
1085.5526544821582	4.128032432300313
1086.5535248041774	4.121980294830285
1087.5543951261966	4.115943363444641
1088.5552654482158	4.1099215833241844
1089.556135770235	4.103914899908716
1090.5570060922541	4.09792325889551
1091.5578764142733	4.091946606237813
1092.5587467362925	4.085984888143358
1093.5596170583117	4.080038051072865
1094.5604873803309	4.074106041738585
1095.5613577023498	4.068188807102826
1096.562228024369	4.062286294376495
1097.5630983463882	4.056398451017672
1098.5639686684071	4.050525224730165
1099.5648389904263	4.044666563462088
1100.5657093124455	4.038822415404447
1101.5665796344647	4.032992728989744
1102.5674499564839	4.027177452890574
1103.568320278503	4.021376536018248
1104.5691906005222	4.015589927521412
1105.5700609225414	4.009817576784682
1106.5709312445606	4.004059433427297
1107.5718015665798	3.9983154473017612
1108.5726718885987	3.9925855684925144
1109.573542210618	3.9868697473145933
1110.574412532637	3.9811679343123245
1111.575282854656	3.975480080258012
1112.5761531766752	3.969806136150625
1113.5770234986944	3.964146053214517
1114.5778938207136	3.958499782898137
1115.5787641427328	3.9528672768727566
1116.579634464752	3.947248487031201
1117.5805047867711	3.9416433654865948
1118.5813751087903	3.9360518645711045
1119.5822454308095	3.930473936834709
1120.5831157528287	3.9249095350439607
1121.5839860748476	3.9193586121807624
1122.5848563968668	3.913821121441144
1123.585726718886	3.9082970162340707
1124.586597040905	3.902786250180231
1125.5874673629241	3.897288777110845
1126.5883376849433	3.8918045510664903
1127.5892080069625	3.886333526295913
1128.5900783289817	3.8808756572548715
1129.5909486510009	3.8754308986049715
1130.59181897302	3.8699992052125123
1131.5926892950392	3.864580532147343
1132.5935596170584	3.859174834681729
1133.5944299390776	3.853782068289218
1134.5953002610966	3.8484021886435236
1135.5961705831157	3.843035151617398
1136.597040905135	3.8376809132815444
1137.5979112271539	3.8323394299035023
1138.598781549173	3.8270106579465573
1139.5996518711922	3.821694554068664
1140.6005221932114	3.816391075121357
1141.6013925152306	3.8111001781486875
1142.6022628372498	3.8058218203861562
1143.603133159269	3.8005559592596603
1144.6040034812881	3.7953025523844333
1145.6048738033073	3.790061557564015
1146.6057441253265	3.7848329327892096
1147.6066144473455	3.7796166362370536
1148.6074847693646	3.774412626269796
1149.6083550913838	3.769220861433882
1150.6092254134028	3.7640413004589433
1151.610095735422	3.758873902256797
1152.6109660574411	3.7537186259204476
1153.6118363794603	3.7485754307230983
1154.6127067014795	3.7434442761171645
1155.6135770234987	3.738325121733304
1156.6144473455179	3.7332179273794392
1157.615317667537	3.7281226530397973
1158.6161879895562	3.7230392588739485
1159.6170583115754	3.7179677052158593
1160.6179286335944	3.7129079525729445
1161.6187989556136	3.7078599616251244
1162.6196692776327	3.702823693223896
1163.6205395996517	3.6977991083914064
1164.6214099216709	3.6927861683195218
1165.62228024369	3.687784834368928
1166.6231505657092	3.682795068068205
1167.6240208877284	3.677816831112935
1168.6248912097476	3.6728500853647956
1169.6257615317668	3.667894792850675
1170.626631853786	3.662950915761781
1171.6275021758051	3.6580184164527565
1172.6283724978243	3.653097257440816
1173.6292428198433	3.6481874014048663
1174.6301131418625	3.643288811184643
1175.6309834638816	3.6384014497798547
1176.6318537859006	3.6335252803493323
1177.6327241079198	3.6286602662101726
1178.633594429939	3.6238063708369084
1179.6344647519581	3.6189635578606585
1180.6353350739773	3.614131791068305
1181.6362053959965	3.609311034401664
1182.6370757180157	3.604501251956666
1183.6379460400349	3.5997024079825373
1184.638816362054	3.594914466880987
1185.6396866840732	3.5901373932054113
1186.6405570060922	3.585371151660081
1187.6414273281114	3.580615707099354
1188.6422976501306	3.575871024526878
1189.6431679721495	3.571137069094816
1190.6440382941687	3.566413806103049
1191.6449086161879	3.5617012009984186
1192.645778938207	3.556999219373939
1193.6466492602262	3.5523078269680455
1194.6475195822454	3.5476269896638226
1195.6483899042646	3.542956673488252
1196.6492602262838	3.5382968446114624
1197.650130548303	3.5336474693459756
1198.6510008703222	3.5290085141459704
1199.651871192341	3.5243799456065465
1200.6527415143603	3.5197617304629802
1201.6536118363795	3.515153835590008
1202.6544821583984	3.510556228001095
1203.6553524804176	3.505968874847717
1204.6562228024368	3.5013917434186452
1205.657093124456	3.4968248011392395
1206.6579634464752	3.492268015570731
1207.6588337684943	3.487721354409532
1208.6597040905135	3.483184785486531
1209.6605744125327	3.478658276766402
1210.6614447345519	3.4741417963469132
1211.662315056571	3.4696353124582435
1212.66318537859	3.465138793462304
1213.6640557006092	3.4606522078520534
1214.6649260226284	3.456175524250834
1215.6657963446473	3.451708711411701
1216.6666666666665	3.4472517382167536
1217.6675369886857	3.442804573676483
1218.6684073107049	3.4383671869291086
1219.669277632724	3.433939547239929
1220.6701479547432	3.4295216240006736
1221.6710182767624	3.425113386728859
1222.6718885987816	3.4207148050671483
1223.6727589208008	3.4163258487827135
1224.67362924282	3.4119464877666013
1225.674499564839	3.4075766920331096
1226.675369886858	3.4032164317191578
1227.6762402088773	3.398865677083669
1228.6771105308962	3.394524398506949
1229.6779808529154	3.390192566490073
1230.6788511749346	3.385870151654281
1231.6797214969538	3.3815571247403633
1232.680591818973	3.377253456608063
1233.6814621409922	3.372959118235478
1234.6823324630113	3.368674080718459
1235.6832027850305	3.3643983152700265
1236.6840731070497	3.360131793219773
1237.6849434290689	3.3558744860132874
1238.6858137510878	3.3516263652115676
1239.686684073107	3.3473874024904413
1240.6875543951262	3.343157569639999
1241.6884247171452	3.338936838564016
1242.6892950391643	3.334725181279387
1243.6901653611835	3.3305225699155634
1244.6910356832027	3.3263289767139916
1245.6919060052219	3.3221443740275554
1246.692776327241	3.3179687343200195
1247.6936466492602	3.313802030165482
1248.6945169712794	3.309644234247827
1249.6953872932986	3.3054953193601775
1250.6962576153178	3.3013552584043517
1251.6971279373367	3.2972240243903363
1252.697998259356	3.293101590435737
1253.698868581375	3.2889879297652582
1254.699738903394	3.284883015710169
1255.7006092254132	3.280786821707777
1256.7014795474324	3.276699321300911
1257.7023498694516	3.2726204881373975
1258.7032201914708	3.2685502959695456
1259.70409051349	3.2644887186536358
1260.7049608355092	3.2604357301494042
1261.7058311575283	3.2563913045195427
1262.7067014795475	3.25235541592919
1263.7075718015667	3.24832803864543
1264.7084421235857	3.2443091470367973
1265.7093124456048	3.24029871557278
1266.710182767624	3.2362967188233243
1267.711053089643	3.232303131458349
1268.7119234116622	3.228317928247254
1269.7127937336813	3.224341084058442
1270.7136640557005	3.2203725738588345
1271.7145343777197	3.2164123727133918
1272.7154046997389	3.2124604557846395
1273.716275021758	3.208516798332196
1274.7171453437772	3.2045813757123
1275.7180156657964	3.200654163377346
1276.7188859878156	3.1967351368754144
1277.7197563098346	3.1928242718498194
1278.7206266318537	3.1889215440386365
1279.721496953873	3.185026929274258
1280.7223672758919	3.18114040348293
1281.723237597911	3.177261942684305
1282.7241079199302	3.1733915229909937
1283.7249782419494	3.1695291206081158
1284.7258485639686	3.1656747118328603
1285.7267188859878	3.161828273054037
1286.727589208007	3.1579897807516475
1287.7284595300262	3.15415921149644
1288.7293298520453	3.150336541949482
1289.7302001740645	3.1465217488617254
1290.7310704960835	3.1427148090735804
1291.7319408181027	3.138915699514484
1292.7328111401218	3.135124397202484
1293.733681462141	3.1313408792438104
1294.73455178416	3.1275651228324604
1295.7354221061792	3.1237971052497793
1296.7362924281983	3.120036803864048
1297.7371627502175	3.1162841961300702
1298.7380330722367	3.1125392595887607
1299.7389033942559	3.1088019718667423
1300.739773716275	3.1050723106759377
1301.7406440382942	3.1013502538131665
1302.7415143603134	3.097635779159745
1303.7423846823324	3.0939288646810903
1304.7432550043516	3.0902294884263197
1305.7441253263707	3.0865376285278616
1306.74499564839	3.0828532632010615
1307.7458659704089	3.079176370743792
1308.746736292428	3.075506929536066
1309.7476066144472	3.0718449180396545
1310.7484769364664	3.0681903147976985
1311.7493472584856	3.0645430984343323
1312.7502175805048	3.0609032476543034
1313.751087902524	3.0572707412425966
1314.7519582245432	3.0536455580640594
1315.7528285465623	3.050027677063027
1316.7536988685813	3.0464170772629573
1317.7545691906005	3.042813737766058
1318.7554395126197	3.0392176377529223
1319.7563098346388	3.0356287564821653
1320.7571801566578	3.0320470732900615
1321.758050478677	3.0284725675901827
1322.7589208006962	3.024905218873044
1323.7597911227153	3.0213450067057446
1324.7606614447345	3.0177919107316127
1325.7615317667537	3.014245910669856
1326.762402088773	3.0107069863152107
1327.763272410792	3.007175117537593
1328.7641427328113	3.0036502842817523
1329.7650130548302	3.000132466566926
1330.7658833768494	2.9966216444864964
1331.7667536988686	2.993117798207654
1332.7676240208878	2.9896209079710565
1333.7684943429067	2.986130954090488
1334.769364664926	2.9826479169525273
1335.770234986945	2.9791717770162167
1336.7711053089643	2.9757025148127263
1337.7719756309834	2.9722401109450263
1338.7728459530026	2.9687845460875586
1339.7737162750218	2.9653358009859114
1340.774586597041	2.9618938564564945
1341.7754569190602	2.958458693386215
1342.7763272410791	2.9550302927321597
1343.7771975630983	2.9516086355212714
1344.7780678851175	2.948193702850039
1345.7789382071367	2.944785475884174
1346.7798085291556	2.9413839358583007
1347.7806788511748	2.9379890640756425
1348.781549173194	2.9346008419077134
1349.7824194952132	2.931219250794006
1350.7832898172323	2.9278442722416886
1351.7841601392515	2.9244758878252948
1352.7850304612707	2.9211140791864216
1353.78590078329	2.9177588280334303
1354.786771105309	2.91441011614114
1355.787641427328	2.9110679253505336
1356.7885117493472	2.907732237568457
1357.7893820713664	2.904403034767325
1358.7902523933856	2.901080298984829
1359.7911227154045	2.897764012323639
1360.7919930374237	2.894454156951116
1361.792863359443	2.891150715099025
1362.793733681462	2.887853669063241
1363.7946040034813	2.8845630012034666
1364.7954743255004	2.8812786939429476
1365.7963446475196	2.878000729768186
1366.7972149695388	2.87472909122866
1367.798085291558	2.8714637609365488
1368.7989556135772	2.8682047215664417
1369.7998259355961	2.8649519558550742
1370.8006962576153	2.8617054466010385
1371.8015665796345	2.8584651766645233
1372.8024369016534	2.855231128967031
1373.8033072236726	2.852003286491106
1374.8041775456918	2.8487816322800703
1375.805047867711	2.8455661494377513
1376.8059181897302	2.8423568211282153
1377.8067885117493	2.839153630575499
1378.8076588337685	2.8359565610633495
1379.8085291557877	2.8327655959349576
1380.809399477807	2.8295807185926996
1381.810269799826	2.8264019124978708
1382.811140121845	2.8232291611704348
1383.8120104438642	2.820062448188758
1384.8128807658834	2.8169017571893598
1385.8137510879023	2.8137470718666537
1386.8146214099215	2.8105983759726927
1387.8154917319407	2.8074556533169215
1388.81636205396	2.804318887765923
1389.817232375979	2.80118806324317
1390.8181026979983	2.7980631637287714
1391.8189730200174	2.7949441732592337
1392.8198433420366	2.7918310759272087
1393.8207136640558	2.7887238558812526
1394.821583986075	2.7856224973255808
1395.822454308094	2.7825269845198273
1396.8233246301131	2.779437301778801
1397.8241949521323	2.776353433472252
1398.8250652741513	2.77327536402463
1399.8259355961704	2.770203077914842
1400.8268059181896	2.7671365596760276
1401.8276762402088	2.7640757938953175
1402.828546562228	2.7610207652136007
1403.8294168842472	2.7579714583252914
1404.8302872062663	2.754927857978103
1405.8311575282855	2.751889948972815
1406.8320278503047	2.748857716163042
1407.832898172324	2.7458311444550114
1408.8337684943428	2.7428102188073336
1409.834638816362	2.739794924230778
1410.8355091383812	2.73678524578805
1411.8363794604002	2.7337811685935685
1412.8372497824193	2.7307826778132394
1413.8381201044385	2.727789758664243
1414.8389904264577	2.7248023964148094
1415.839860748477	2.7218205763840024
1416.840731070496	2.718844283941499
1417.8416013925153	2.7158735045073783
1418.8424717145344	2.712908223551904
1419.8433420365536	2.709948426595311
1420.8442123585728	2.7069940992075914
1421.8450826805918	2.704045227008285
1422.845953002611	2.701101795666267
1423.8468233246301	2.6981637908995393
1424.847693646649	2.695231198475025
1425.8485639686683	2.6923040042083515
1426.8494342906874	2.6893821939636573
1427.8503046127066	2.686465753653376
1428.8511749347258	2.683554669238039
1429.852045256745	2.680648926726068
1430.8529155787642	2.6777485121735736
1431.8537859007834	2.6748534116841562
1432.8546562228025	2.671963611408703
1433.8555265448217	2.669079097545193
1434.8563968668407	2.666199856338492
1435.8572671888599	2.663325874080162
1436.858137510879	2.660457137108263
1437.859007832898	2.6575936318071576
1438.8598781549172	2.6547353446073143
1439.8607484769364	2.6518822619851186
1440.8616187989555	2.6490343704626786
1441.8624891209747	2.6461916566076322
1442.863359442994	2.6433541070329603
1443.864229765013	2.640521708396795
1444.8651000870323	2.63769444740223
1445.8659704090514	2.6348723107971375
1446.8668407310706	2.632055285373976
1447.8677110530896	2.629243357969609
1448.8685813751088	2.6264365154651177
1449.869451697128	2.6236347447856185
1450.870322019147	2.620838032900082
1451.871192341166	2.618046366821146
1452.8720626631853	2.615259733604936
1453.8729329852044	2.6124781203508896
1454.8738033072236	2.6097015142015723
1455.8746736292428	2.606929902342501
1456.875543951262	2.6041632720019647
1457.8764142732812	2.60140161045085
1458.8772845953004	2.5986449050024647
1459.8781549173195	2.595893143012363
1460.8790252393385	2.59314631187817
1461.8798955613577	2.590404399039408
1462.8807658833769	2.587667391977329
1463.8816362053958	2.58493527821474
1464.882506527415	2.5822080453158276
1465.8833768494342	2.5794856808859974
1466.8842471714534	2.5767681725716987
1467.8851174934725	2.5740555080602565
1468.8859878154917	2.571347675079709
1469.886858137511	2.568644661398634
1470.88772845953	2.565946454825989
1471.8885987815493	2.563253043210944
1472.8894691035684	2.5605644144427178
1473.8903394255874	2.5578805564504132
1474.8912097476066	2.555201457202855
1475.8920800696258	2.552527104708431
1476.892950391645	2.549857487014928
1477.8938207136641	2.5471925922093748
1478.894691035683	2.5445324084178766
1479.8955613577023	2.5418769238054626
1480.8964316797214	2.539226126575926
1481.8973020017406	2.53658000497167
1482.8981723237598	2.533938547273541
1483.899042645779	2.5313017418006867
1484.899912967798	2.528669576910394
1485.9007832898171	2.5260420409979343
1486.9016536118363	2.5234191224964135
1487.9025239338555	2.5208008098766155
1488.9033942558747	2.5181870916468556
1489.9042645778939	2.515577956352825
1490.905134899913	2.512973392577441
1491.906005221932	2.5103733889406987
1492.9068755439512	2.507777934099522
1493.9077458659704	2.505187016747615
1494.9086161879895	2.5026006256153144
1495.9094865100087	2.5000187494694415
1496.910356832028	2.497441377113157
1497.9112271540469	2.494868497385818
1498.912097476066	2.492300099162829
1499.9129677980852	2.4897361713555006
1500.9138381201044	2.487176702910905
1501.9147084421236	2.484621682811735
1502.9155787641428	2.4820711000761593
1503.916449086162	2.479524943757684
1504.917319408181	2.4769832029450094
1505.9181897302	2.474445866761893
1506.9190600522193	2.471912924367006
1507.9199303742384	2.469384364953799
1508.9208006962576	2.466860177750364
1509.9216710182768	2.4643403520192892
1510.9225413402958	2.4618248770575346
1511.923411662315	2.459313742196286
1512.9242819843341	2.4568069368008247
1513.9251523063533	2.4543044502703917
1514.9260226283725	2.4518062720380507
1515.9268929503917	2.4493123915705612
1516.9277632724109	2.446822798368238
1517.9286335944298	2.444337481964825
1518.929503916449	2.4418564319273584
1519.9303742384682	2.4393796378560406
1520.9312445604874	2.436907089384107
1521.9321148825065	2.434438776177698
1522.9329852045257	2.431974687935725
1523.9338555265447	2.4295148143897514
1524.9347258485639	2.4270591453038524
1525.935596170583	2.424607670474498
1526.9364664926022	2.4221603797304225
1527.9373368146214	2.4197172629324957
1528.9382071366406	2.417278309973602
1529.9390774586598	2.4148435107785113
1530.9399477806787	2.412412855303759
1531.940818102698	2.409986333537516
1532.941688424717	2.407563935499471
1533.9425587467363	2.405145651240707
1534.9434290687554	2.402731470843576
1535.9442993907746	2.40032138442158
1536.9451697127936	2.3979153821192507
1537.9460400348128	2.3955134541120264
1538.946910356832	2.3931155906061345
1539.9477806788511	2.390721781838471
1540.9486510008703	2.3883320180764818
1541.9495213228895	2.3859462896180452
1542.9503916449087	2.3835645867913544
1543.9512619669276	2.381186899954799
1544.9521322889468	2.3788132194968474
1545.953002610966	2.3764435358359357
1546.9538729329852	2.3740778394203486
1547.9547432550044	2.371716120728102
1548.9556135770235	2.3693583702668346
1549.9564838990427	2.367004578573689
1550.9573542210617	2.364654736215201
1551.9582245430809	2.3623088337871856
1552.9590948651	2.3599668619146246
1553.9599651871192	2.3576288112515553
1554.9608355091384	2.3552946724809574
1555.9617058311576	2.3529644363146462
1556.9625761531765	2.3506380934931586
1557.9634464751957	2.348315634785642
1558.964316797215	2.345997050989752
1559.965187119234	2.343682332931536
1560.9660574412533	2.3413714714653278
1561.9669277632725	2.3390644574736403
1562.9677980852916	2.3367612818670582
1563.9686684073106	2.3344619355841303
1564.9695387293298	2.3321664095912626
1565.970409051349	2.329874694882615
1566.9712793733681	2.327586782479992
1567.9721496953873	2.3253026634327405
1568.9730200174065	2.3230223288176486
1569.9738903394255	2.3207457697388323
1570.9747606614446	2.3184729773276387
1571.9756309834638	2.316203942742545
1572.976501305483	2.3139386571690497
1573.9773716275022	2.311677111819574
1574.9782419495214	2.3094192979333608
1575.9791122715405	2.307165206776371
1576.9799825935595	2.3049148296411857
1577.9808529155787	2.3026681578469015
1578.9817232375979	2.300425182739037
1579.982593559617	2.298185895689426
1580.9834638816362	2.2959502880961264
1581.9843342036554	2.2937183513833155
1582.9852045256744	2.2914900770011957
1583.9860748476935	2.2892654564258925
1584.9869451697127	2.2870444811593624
1585.987815491732	2.284827142729295
1586.988685813751	2.282613432689013
1587.9895561357703	2.2804033426173813
1588.9904264577895	2.278196864118708
1589.9912967798084	2.2759939888226506
1590.9921671018276	2.2737947083841217
1591.9930374238468	2.2715990144831957
1592.993907745866	2.269406898825011
1593.9947780678851	2.267218353139682
1594.9956483899043	2.2650333691822033
1595.9965187119233	2.262851938732357
1596.9973890339425	2.2606740535946197
1597.9982593559616	2.2584997055980756
1598.9991296779808	2.2563288865963194
1600.0	2.254161588467369
